
16 channels,28 batchsize
train - [0.5739605550642137, 0.4466197057203813, 0.4331734381712876, 0.4285306094528793, 0.4250031036215943, 0.42230498945558226, 0.417718878040066, 0.4169909265134242, 0.4148674707908135, 0.4146684826194466, 0.41018533087396003, 0.40887346747633696, 0.4071243002817228, 0.4069153233007951, 0.40529652462377175, 0.40640893694642305, 0.406134807444238, 0.40370713812964304, 0.40416488709387843, 0.4000877807666729, 0.4032734160299425, 0.40199533143600863, 0.4000553217801181, 0.4012376588660401, 0.39909823529132]
val - [0.46227168959456605, 0.43537597609804823, 0.430814883925698, 0.426772834418656, 0.4219222068786621, 0.42577520438602995, 0.4143390392328238, 0.41717719412469245, 0.41931929371573706, 0.412866878819156, 0.40916647152467206, 0.41099063297370814, 0.40572779828851874, 0.4093458203526286, 0.424088737407288, 0.412333738494229, 0.40503432998409516, 0.4040945280681957, 0.40088122850888736, 0.4130400659201981, 0.4051842519215175, 0.40122939085031484, 0.39942779943540496, 0.4003628956807124, 0.40135002600682246]



32 channels, 14 batchsize
train - [0.6176394917606528, 0.522214449698629, 0.50064333202013, 0.4787816335173214, 0.4501848785705816, 0.4393338798697478, 0.44367702490364025, 0.43462864713731153, 0.4269479762494954, 0.4264516362956926, 0.4269103629916322, 0.42632823325450125, 0.42104554799647115, 0.4187153901150024, 0.4184222907022713, 0.4155018839960784, 0.4163642315303578, 0.41761627540089724, 0.4145631451232761, 0.41370496562882964, 0.412939075161429, 0.4105112946111392, 0.4110311842432209, 0.4102499523973153, 0.4094013863918828]
val - [0.5703850271655064, 0.5292972314591501, 0.5085274955026464, 0.451008879281337, 0.4431636613958022, 0.4556175189859727, 0.42775743420607126, 0.43491360058192335, 0.4242338444672379, 0.4234357476234436, 0.43588265289668165, 0.4181562451755299, 0.42347806263593285, 0.4177195262285619, 0.4152209731488446, 0.4155757388258292, 0.41491034373738406, 0.41577761858896495, 0.41583343424828223, 0.4101162903449115, 0.4085441757650936, 0.41981062429403165, 0.413688781993841, 0.4341478581522025, 0.40607741962071336]


48 channels, 9 batchsize
train - [0.4506429306098393, 0.4233549462646997, 0.4117456351508613, 0.4088554878194793, 0.40492522566258404, 0.40205066669888856, 0.40186328046462116, 0.3980664891355178, 0.39638851871009634, 0.3962353520533618, 0.39232808977615935, 0.39195083094244243, 0.39230442898614065, 0.3910497429491091, 0.39103629634159953, 0.38850620363940713, 0.3893770427763963, 0.38803399560832175, 0.3873074209990622, 0.38792632132017313, 0.38738379433375447, 0.3857902904518512, 0.3871732118750821, 0.3867667655484015, 0.3852212596841219]
validation - [0.4403995330594167, 0.4238424038185793, 0.4134760155898182, 0.4191148847091098, 0.4056465475499129, 0.40438003274573, 0.39684873644043417, 0.3969865857052202, 0.3988315493118863, 0.3929152488708496, 0.39087389196668354, 0.3909853173404181, 0.3896590616522717, 0.38934900705553904, 0.3906420101137722, 0.3906196811619927, 0.39300015418469403, 0.3933028248177857, 0.3871643530721424, 0.3888057570497529, 0.3879586112599413, 0.38731287532493847, 0.3891074189117977, 0.38505444406461314, 0.3859363691646512]

